0,555
0,554
0,553
0,552
0,551
0,550
0,549
0,548
0,547
0,546
0,545
0,544
0,543
0,542
0,541
0,540
0,539
0,538
0,537
0,536
0,535
0,534
0,533
0,532
0,531
0,530
0,529
0,528
0,527
0,526
0,525
0,524
0,523
0,522
0,521
0,520
0,519
0,518
0,517
0,516
0,515
0,514
0,513
0,512
0,476
0,475
0,474
0,473
0,472
0,471
0,470
0,469
0,468
0,467
0,466
0,465
0,464
0,463
0,462
0,461
0,460
0,459
0,458
0,457
0,456
0,455
0,454
0,453
0,452
0,451
0,450
0,449
0,448
76,5
0,447
76,4
0,408
76,1
0,322
0,313
76,3
0,440
0,243
76,0
84,1
84,3
0,445
84,0
44,4
44,1
44,3
0,442
0,439
44,0
2,11
1,1
1,3
1,0
2,1
2,4
2,3
2,0
0,9
0,310
0,305
0,444
0,308
0,304
0,303
0,302
0,307
0,441
0,12
0,438
0,10
0,8
0,0
0,435
0,300
0,428
0,299
0,400
0,298
0,399
0,297
0,398
0,296
0,397
0,295
0,434
0,294
0,427
0,293
0,396
0,292
0,395
0,291
0,394
0,290
0,426
0,289
0,393
0,288
0,392
0,287
0,391
0,286
0,390
0,285
0,433
0,284
0,425
0,283
0,389
0,282
0,388
0,281
0,387
0,280
0,386
0,279
0,432
0,278
0,424
0,277
0,385
0,276
0,384
0,275
0,383
0,274
0,382
0,273
0,556
0,557
1,2
2,2
2,6
2,7
2,9
2,12
2,13
2,15
2,16
3,1
3,3
3,4
3,6
4,0
4,2
4,3
5,1
5,3
5,4
5,6
6,0
6,2
6,4
6,5
7,1
7,2
7,4
7,5
8,1
8,3
9,0
9,2
9,3
9,5
10,1
10,2
10,4
11,0
11,2
11,3
12,1
12,3
12,4
12,6
12,7
13,1
13,3
13,4
13,6
13,7
13,9
14,1
14,2
14,4
15,0
15,2
15,3
15,5
16,0
16,1
16,3
16,4
17,0
17,2
17,3
18,1
18,2
18,4
19,0
19,2
19,4
19,5
19,7
19,8
20,1
20,3
20,4
21,1
21,2
22,0
22,1
22,3
23,0
23,1
23,3
23,4
24,1
24,3
24,4
25,0
25,1
25,3
25,5
26,0
26,2
26,3
26,5
27,0
27,2
27,4
27,5
28,0
28,1
28,3
28,5
29,0
29,2
29,3
29,5
29,6
29,8
30,1
30,2
30,4
31,0
31,2
31,4
31,5
32,1
32,2
33,0
33,1
33,3
33,5
33,6
33,8
33,9
34,1
34,3
34,4
34,6
34,7
34,9
34,10
35,1
35,3
35,4
36,1
36,2
36,4
36,6
36,7
37,0
37,1
37,3
37,5
37,6
37,8
37,9
38,1
38,2
38,4
38,6
39,0
39,2
39,3
39,5
39,7
39,8
39,10
39,11
39,13
40,0
40,2
40,4
40,5
42,0
42,1
42,3
43,1
43,2
43,4
44,2
46,1
46,2
46,4
46,6
46,7
46,9
46,10
46,12
46,14
47,0
47,2
47,3
48,0
48,2
48,3
48,5
48,6
48,8
49,0
49,2
50,0
50,1
50,3
50,4
51,1
51,3
51,4
51,6
52,0
52,2
52,3
52,5
52,7
54,0
54,2
54,3
56,0
56,2
56,3
56,5
57,0
57,2
57,3
58,1
58,3
58,4
58,6
58,7
59,1
59,3
59,4
59,6
60,0
60,2
60,3
61,1
61,3
61,4
61,6
61,7
61,9
61,11
61,12
61,14
61,15
61,17
61,19
61,20
61,22
61,23
61,25
61,26
61,28
61,30
61,31
61,33
61,34
61,64
61,66
61,67
61,69
61,70
61,72
61,73
61,75
61,77
61,78
61,80
61,81
61,83
61,85
61,86
61,88
61,89
61,91
61,92
61,94
61,96
61,97
61,99
61,100
61,102
61,104
61,105
61,107
61,108
61,110
61,112
61,113
61,115
61,116
61,118
61,119
61,121
61,123
61,124
61,126
61,127
61,129
61,131
61,132
61,134
61,135
61,137
61,138
61,140
61,142
61,143
61,145
61,146
61,148
61,150
61,151
61,153
61,154
61,156
61,157
61,159
62,1
62,2
63,0
63,1
63,3
63,5
63,6
63,8
63,9
63,11
65,1
65,2
65,4
65,5
67,1
67,2
67,4
68,1
68,2
69,0
69,1
69,3
70,1
70,2
70,4
71,0
71,2
71,3
72,0
72,2
72,3
73,1
73,2
74,0
74,2
74,3
75,1
75,2
75,4
76,2
77,0
77,2
77,3
78,0
78,1
78,3
78,5
80,0
80,2
80,3
81,0
81,1
81,3
82,0
82,1
82,3
83,0
83,2
84,2
84,4
85,0
85,1
85,3
86,1
86,2
87,0
87,1
87,3
88,0
88,2
88,4
89,0
89,2
89,3
90,1
90,3
91,0
91,2
91,3
91,5
92,0
92,2
92,4
92,5
92,6
92,3
92,1
91,4
91,1
90,2
90,0
89,1
88,3
88,1
87,2
86,3
86,0
85,2
84,5
83,3
83,1
82,2
81,4
81,2
80,4
80,1
78,4
78,2
77,4
77,1
76,6
75,3
75,0
74,1
73,3
73,0
72,1
71,4
71,1
70,3
70,0
69,2
68,3
68,0
67,3
67,0
65,3
65,0
63,10
63,7
63,4
63,2
62,3
62,0
61,158
61,155
61,152
61,149
61,147
61,144
61,141
61,139
61,136
61,133
61,130
61,128
61,125
61,122
61,120
61,117
61,114
61,111
61,109
61,106
61,103
61,101
61,98
61,95
61,93
61,90
61,87
61,84
61,82
61,79
61,76
61,74
61,71
61,68
61,65
61,35
61,32
61,29
61,27
61,24
61,21
61,18
61,16
61,13
61,10
61,8
61,5
61,2
61,0
60,1
59,5
59,2
59,0
58,5
58,2
58,0
57,1
56,4
56,1
54,4
54,1
52,6
52,4
52,1
51,5
51,2
51,0
50,2
49,3
49,1
48,7
48,4
48,1
47,4
47,1
46,13
46,11
46,8
46,5
46,3
46,0
43,3
43,0
42,2
40,6
40,3
40,1
39,12
39,9
39,6
39,4
39,1
38,5
38,3
38,0
37,7
37,4
37,2
36,8
36,5
36,3
36,0
35,2
35,0
34,8
34,5
34,2
34,0
33,7
33,4
33,2
32,3
32,0
31,3
31,1
30,3
30,0
29,7
29,4
29,1
28,4
28,2
27,6
27,3
27,1
26,4
26,1
25,4
25,2
24,5
24,2
24,0
23,2
22,4
22,2
21,3
21,0
20,2
20,0
19,6
19,3
19,1
18,3
18,0
17,1
16,5
16,2
15,6
15,4
15,1
14,3
14,0
13,8
13,5
13,2
13,0
12,5
12,2
12,0
11,1
10,3
10,0
9,4
9,1
8,2
8,0
7,3
7,0
6,3
6,1
5,5
5,2
5,0
4,1
3,5
3,2
3,0
2,14
2,10
2,8
2,5
0,558
0,431
0,272
0,423
0,271
0,381
0,270
0,380
0,269
0,379
0,268
0,378
0,267
0,430
0,266
0,422
0,265
0,377
0,264
0,376
0,263
0,375
0,262
0,374
0,261
0,373
0,260
0,372
0,259
0,421
0,258
0,371
0,257
0,370
0,256
0,369
0,255
0,368
0,254
0,420
0,253
0,419
0,252
0,367
0,251
0,366
0,250
0,365
0,249
0,418
0,248
0,364
0,247
0,363
0,246
0,362
0,245
0,361
0,244
0,437
0,242
0,417
0,241
0,360
0,240
0,359
0,239
0,358
0,238
0,357
0,237
0,436
0,236
0,416
0,235
0,356
0,234
0,355
0,233
0,354
0,232
0,353
0,231
0,352
0,230
0,351
0,229
0,415
0,228
0,350
0,227
0,349
0,226
0,348
0,225
0,347
0,224
0,414
0,223
0,413
0,222
0,346
0,221
0,345
0,220
0,344
0,219
0,343
0,218
0,412
0,217
0,411
0,216
0,342
0,215
0,341
0,214
0,340
0,213
0,410
0,212
0,339
0,211
0,338
0,210
0,337
0,209
0,336
0,208
0,409
0,207
0,407
0,206
0,335
0,205
0,334
0,204
0,333
0,203
0,332
0,202
0,406
0,201
0,429
0,200
0,331
0,199
0,330
0,198
0,329
0,197
0,405
0,196
0,328
0,195
0,327
0,194
0,326
0,193
0,325
0,192
0,404
0,63
0,403
0,62
0,324
0,61
0,323
0,60
0,321
0,59
0,320
0,58
0,402
0,57
0,401
0,56
0,319
0,55
0,318
0,54
0,317
0,53
0,316
0,52
0,315
0,51
0,314
0,50
0,446
0,49
0,312
0,48
0,311
0,47
0,309
0,46
0,306
0,45
0,301
0,6
0,5
0,1
0,443
0,11
0,4
0,2
0,3
0,7
